9726 6613
7375 8831
411 889
9104 3796
4482 7594
8724 1629
9840 3480
1564 4633
8900 5435
5853 7224
2673 4764
1359 422
6002 2317
7496 283
3940 5775
117 8433
3331 2959
2843 4386
5544 7958
8434 6100
6026 71
7962 7383
3794 9063
763 8174
9390 4139
6121 6456
2874 8082
8418 8638
4440 2590
1080 8598
8968 5511
1080 4273
2409 5847
4991 4641
2268 7731
9601 9316
6687 354
4979 7508
6583 6794
5520 3110
3168 1074
5022 7863
8789 9402
5079 5152
2476 8522
2224 2801
2841 1376
8151 4477
64 7862
9084 5760
5562 6388
4885 2767
2643 107
5868 8320
3964 269
5441 3116
1930 7964
9670 7033
6294 4651
669 8855
9187 1367
9292 972
1554 6265
4072 9363
6528 224
7507 8147
4714 663
7911 2257
3469 4432
4840 1468
7351 1649
8805 3901
9700 3691
1453 7388
5924 235
675 2628
7563 2153
6233 2938
2430 9379
5378 1600
188 5455
4693 9264
4659 3317
3901 714
3793 171
9781 2381
5780 2760
3440 9471
5109 8210
2211 4263
5470 9769
8238 5226
7408 1227
9384 9971
7332 8572
4527 3718
1109 2547
4560 8958
9814 1124
2415 1319
7445 6686
312 1221
370 8697
84 887
6164 8967
2921 1471
5063 3305
8147 5665
739 296
6783 6982
8376 5207
4510 8120
7061 4627
442 7278
420 5343
2592 3141
4106 9162
8334 6321
1285 3931
8261 7517
7530 9810
4879 379
4759 9054
3332 105
9688 6965
9969 7218
6143 1508
5975 9588
2048 9122
7516 4802
1373 4701
901 9277
8461 4389
1103 142
7199 905
4649 813
303 2413
3380 1480
4634 7627
3856 1234
6906 1784
8294 9460
393 417
6845 299
7325 428
7741 5457
3571 870
1379 7481
1848 9055
6768 7712
7263 1144
3945 551
4282 183
3903 8465
7364 8751
8417 156
8455 7779
5725 7722
3276 7942
4436 7326
4932 5070
7283 1841
7745 6442
8375 3302
6405 541
2442 7579
5558 8855
2239 3606
2751 4682
785 4796
3320 506
8332 773
9214 2505
156 3448
5048 8017
78 2657
3714 9374
6449 3046
800 5415
1803 5716
1728 207
4749 5254
8064 7036
2881 5204
9748 4543
8410 2778
8149 1049
4040 6671
780 2576
5208 205
2282 9851
6231 5697
7848 9634
2122 4981
4650 6163
4874 5264
4014 9184
2886 9163
2126 6071
4849 2684
9848 6882
4891 5127
2871 2843
4090 504
1865 716
4543 885
8579 7782
6112 8283
7870 4770
2686 3193
7561 6923
4347 4684
7714 6670
4180 9090
8407 4841
3621 1759
428 1219
8244 9049
6454 9390
6636 5878
1199 5290
8663 7401
7786 3633
5802 2193
4197 1502
5462 8189
7984 3765
3273 2048
9688 714
2139 7125
5362 4322
4542 5270
6450 5888
5078 2812
917 4454
3437 1739
2930 2355
4226 2886
9705 1562
8875 9150
3155 2011
6640 3260
895 1079
6238 6394
5848 1510
7014 1115
6194 3693
8694 4455
7736 6961
1771 4809
8902 3789
6341 9254
4522 192
5840 6384
8304 5416
3514 3344
5503 4109
3710 4802
6632 4545
7107 5867
311 7189
8855 604
8317 8936
1265 2702
8740 9655
8155 5142
3778 9375
6290 1199
7159 6354
384 55
2437 8589
2129 6426
7461 3902
391 5136
2234 6619
9267 8344
7051 2112
3067 5287
5325 3943
2416 1810
827 2256
3698 9687
2215 6138
4806 3839
8643 7203
3802 8865
9048 6372
3476 5032
4231 957
4065 7837
5279 4508
8375 4577
4050 7651
8463 5958
1445 4116
655 749
7044 2530
6179 6669
9280 1184
7989 1320
8796 9951
418 2793
8893 805
7280 784
6027 5967
5710 5550
221 647
7597 3823
9942 5494
7827 7950
8508 2472
8701 6922
9401 6639
2882 5733
6025 5523
3009 2547
7359 7206
4739 1517
4745 8033
1351 2803
6595 922
2331 313
7226 5680
5357 1983
3176 3427
967 7087
5412 8248
1858 9921
8641 563
4262 9518
9568 8302
7103 573
4392 4005
5762 1618
2110 8159
1199 2719
4246 1766
1886 6380
3516 3940
5578 2232
3651 3625
272 8132
77 8002
8879 7790
6519 4007
143 7728
5689 3534
9066 4479
3176 7360
3783 6277
2443 7598
2163 2179
5373 3572
727 5549
7200 1423
427 8157
6876 3449
8766 5732
3915 9218
5339 5783
577 6824
8385 3703
3913 9318
3249 3767
5612 8301
9698 7471
8855 3929
4023 2858
483 8200
3523 4974
3615 6268
5558 9392
623 8730
675 7868
8792 6409
9503 7623
1415 7928
6078 3493
5099 9580
6047 5236
124 6412
6817 669
4332 3249
8120 8969
2717 4474
5701 7493
4165 1741
7860 9750
4065 9566
4467 1799
6490 9720
695 9265
2473 6712
3214 7431
1530 8292
4901 2372
2054 6873
5165 2032
2441 29
6978 2273
8882 833
8367 4452
7656 1704
5696 7860
9440 8608
8424 2509
669 6035
165 5153
2305 6960
8874 4206
9495 6204
9784 7231
6569 7
8291 8107
549 9462
6420 9585
2970 510
5745 1022
4138 8600
1652 302
6194 1855
8691 3660
1329 2573
4464 6980
9347 3268
9907 7428
4387 71
7204 4824
4057 3310
2574 8029
5533 2325
187 2793
2185 9193
5108 4025
1238 3932
7776 7237
7631 1942
9833 1033
1776 3001
1306 4948
9204 9955
2116 4711
8278 4385
6688 3
8028 6003
9030 8214
1994 2322
7060 1354
5471 5190
9204 2257
3000 1237
3328 553
69 3932
7894 8476
8084 6028
7943 1529
4418 2486
3931 9237
21 5600
9785 6841
5517 6067
7620 9557
2968 5946
479 7317
4537 2097
1197 9307
1226 1568
5017 4486
4483 3609
5951 6358
1057 6519
2031 7722
6741 1380
2603 3834
7822 8862
1557 525
9980 9785
4052 7131
3141 4830
658 2826
7378 3961
2089 8881
9307 1471
9754 8763
660 8266
2172 2507
690 9087
4999 1818
1919 8629
2872 7542
4346 7239
4569 1732
6698 3785
9093 2384
4563 598
9208 129
4305 2952
659 2626
8570 3464
9887 4238
3850 9999
374 5661
3137 4207
7919 654
6961 6620
8161 4693
4288 3444
5391 3522
676 9575
375 7832
4854 2222
6256 4090
6470 9522
5890 448
7106 9016
953 1019
3914 1495
3077 1419
170 6810
9877 3373
9915 9541
4248 6475
4471 4069
3586 715
7042 594
6694 4265
7927 5873
63 7202
6888 5078
1904 3336
1117 4026
1916 9110
6975 4323
7063 681
1142 7397
8838 7689
2148 7303
5455 5010
6432 6313
3206 1781
3952 1743
4831 434
7194 7278
9141 7090
3966 7138
5389 8689
8744 6799
7914 1544
9568 9730
1432 601
7450 5631
5020 8644
3113 1956
3323 9925
1508 7209
6788 3223
7985 1433
8844 5257
1280 6567
6878 6523
7526 7010
5538 8131
6417 8526
5505 17
5293 1927
8154 8032
9501 6451
6756 9866
7632 6601
7800 7426
8425 5353
1845 6463
2048 6122
1885 2511
2236 5634
8650 5929
7335 9948
6473 7838
7682 6264
407 3019
3962 3878
5136 5477
6172 8667
8872 7329
5670 6812
918 1863
3386 5129
9860 7224
5770 7358
499 8029
6254 7986
1448 8395
4121 7822
2181 1359
4545 8412
7743 6478
3250 5600
1768 9528
6772 6072
3552 5616
4605 4547
2975 9811
2659 3446
7787 7417
8411 1322
1437 9404
6878 1098
5988 7189
3110 4282
3944 4935
1308 2691
4792 6887
2848 4946
6986 1821
5507 1037
3703 6675
4011 4566
1221 6638
7663 8958
2035 9525
4256 861
959 8177
717 1264
1340 5756
41 2427
272 5329
906 6621
6220 6940
1111 897
9825 2479
8441 619
8832 1083
2928 3349
1034 5579
2561 3797
4967 3490
516 39
6641 4541
5657 956
2038 240
9697 4970
9333 139
3747 505
1837 3670
4207 9356
2482 6062
2964 5164
3409 1800
9639 506
9605 9303
4340 7800
3898 6093
7731 1171
1684 4534
1578 8671
7705 4486
6934 6900
3889 629
9049 2896
6832 9079
7774 1439
5861 14
9745 9413
7739 433
3949 2700
2121 3997
5407 5239
2581 2843
2670 4368
1717 9739
3561 1292
5171 7552
196 657
8717 7043
8677 8588
4525 3280
1061 4261
7642 5606
7206 6100
1332 5996
1953 59
440 5922
8672 4047
5209 2361
3729 9577
4106 9482
7603 8931
3092 3723
7548 3786
555 6435
3484 9089
1604 122
3586 4234
2831 1390
8477 2059
8767 6168
3315 5092
4279 502
5136 7549
2904 3261
8832 1121
9760 5525
8835 2296
9066 5012
5200 9113
521 2986
2143 5598
5871 5332
4281 2852
6816 9139
863 6827
8069 1054
1047 4107
4896 3881
3982 8689
2712 3541
5836 4738
7440 9267
2228 2530
9258 6178
8533 7409
9053 829
2489 4485
6491 7148
3149 4986
930 2305
7803 3750
1573 9439
3780 1128
1268 7008
5158 6759
9098 2465
5424 7128
560 1443
5806 3577
515 2230
5621 2552
3339 9366
5358 5272
6731 9455
5405 9674
498 6950
3341 3580
9289 7561
539 4303
8771 2202
4470 6628
7942 4944
6510 7991
6498 4312
6366 7027
4984 8441
3261 9194
7243 1101
924 1107
9204 7415
8137 3411
5401 5211
9075 584
4785 357
8022 4832
370 2226
1168 469
3029 8426
4138 4564
8403 6368
7683 9476
7238 2856
5494 2934
3746 1951
7533 1745
3617 5608
9447 5939
3133 1234
3636 1148
3541 5229
373 8375
290 1858
8030 1990
5046 2281
9884 8669
9500 9525
1229 2375
3885 1299
4634 2971
9867 4074
3046 9027
7009 8662
110 8543
4352 9626
4639 4875
3826 8304
1455 8969
207 1968
3960 3160
3077 9680
4755 6248
9896 8822
9377 4382
5697 4889
4792 7284
4106 1192
8674 4860
6505 4389
7713 4836
940 6406
3150 8196
66 3194
9631 5447
7923 6082
9061 3438
8591 1986
4589 9410
5889 4617
1129 6221
2223 46
7899 290
6365 6407
5319 1689
4550 9422
3320 4053
6561 2446
651 468
8713 2252
5037 350
8553 9464
2240 1505
1946 5633
7955 966
1772 7283
313 8034
8908 997
2239 3008
389 2535
2405 5481
6657 7348
608 6843
9715 9421
8497 2576
6613 336
9355 1345
8201 683
1280 9485
1375 1520
6557 1473
4140 4410
6302 9232
6718 4794
3463 5732
8688 4913
9225 1206
1653 9342
7529 3558
9297 8259
9887 8045
1879 1066
8091 5144
146 5679
5436 9682
4484 6882
8130 8774
8699 498
7234 849
4251 8817
8123 3195
9979 6736
8773 808
4421 7302
453 5045
2650 81
4322 6635
7252 5587
5349 3913
3520 4351
528 3805
2243 9689
1842 45
9573 9152
5714 397
2365 790
9695 2230
9110 6868
4084 3688
1146 9486
821 5935
6126 9655
4564 448
5980 3825
1109 4197
4496 9614
6513 4692
5486 5522
6193 6322
1106 7791
7030 9218
1287 1283
7106 1940
9494 172
7068 9683
7055 8644
4296 439
8139 1343
6107 2530
182 8249
997 8326
9961 8981
7592 546
3898 6958
9422 9557
2171 4831
9870 2342
241 8725
5755 6366
8041 325
9854 4543
6667 2655
2412 632
4726 7541
9136 7978
1713 131
8567 8340
3706 8630
4783 1659
7515 5459
2399 2154
2980 9388
9533 833
9562 6921
1041 9649
2590 5149
8626 7910
6531 7659
6725 7251
7598 9638
2991 7542
5544 8302
74 2400
5101 9977
1017 9642
714 5754
4026 9002
4384 3481
3639 6647
5321 5049
4390 3700
1837 4427
9957 3797
478 3695
5465 2982
4701 1454
3125 3724
5622 420
1743 3703
279 8752
8719 9154
8708 2726
9145 2030
9688 6718
343 9988
6434 179
1778 8359
7774 226
9651 3563
7353 2833
2681 8250
3271 5187
575 9387
3241 6718
9556 1904
5819 6566
9907 2130
6545 792
8931 7235
8950 3503
9050 9155
4291 2279
4756 4070
616 9719
4082 1399
1275 9811
9899 9514
5390 9868
3918 8858
7914 6276
1521 7026
4929 4987
8768 4505
595 5791
3796 4233
5790 2728
3629 2902
4870 1726
3981 7041
6228 513
4024 2299
4367 5168
268 56
6046 2302
3738 1529
741 5771
